46234860
2071450
-2071450
-2899530
-1267581
-2596747
592148
-2740356
-1658013
-2629762
-911874
-2992936
-398506
-1628842
-1881080
-3459744
-1208448
882583
-1783204
-1168101
-4960934
-953621
613161
-1143896
-1258786
-3002672
-2969075
238529
-3468722
386742
-649470
-2518028
-1997087
-891111
-4804634
1180631
-1851786
-3558539
-1905876
-1216090
-349320
-1968742
-3161720
437458
-1796366
-708421
-2359472
-3782384
-913878
-2170515
-2772160
-915096
-1150184
-2996614
-265994
-2870739
83677
-2404691
-431305
-3503187
1078794
-2035650
-2641026
-1707580
67426
-1551943
-999213
1205709
-4496154
2061013
-4610273
-989283
-1226589
-292979
-1509528
-2169129
-665904
-5073547
-2083713
-256815
227312
-3975218
-1330468
978282
-1378427
-3000301
-2577915
