46234860  -2071450
45232360  -2899530
47117760  -1267581
45093710  -2596747
42074660  592148
37153960  -2740356
41019910  -1658013
35110560  -2629762
36994260  -911874
33972410  -2992936
32949910  -398506
28031160  -1628842
29893310  -1881080
25966010  -3459744
23940560  -1208448
21919760  882583
19902660  -1783204
18913060  -1168101
17894510  -4960934
18779210  -953621
16761760  613161
11824560  -1143896
9809010  -1258786
11682310  -3002672
10675760  -2969075
9647610  238529
6635460  -3468722
2709610  386742
4592710  -649470
3537910  -2518028
-2370790  -1997087
-1488740  -891111
-3519840  -4804634
-4509440  1180631
-5533740  -1851786
-10446790  -3558539
-8564690  -1905876
-9589340  -1216090
-15516890  -349320
-15540890  -1968742
-14649190  -3161720
-20575990  437458
-22593440  -1796366
-19711140  -708421
-22730090  -2359472
-23750540  -3782384
-28679590  -913878
-28698990  -2170515
-30721540  -2772160
-28866840  -915096
-31882590  -1150184
-31873690  -2996614
-38829940  -265994
-40859390  -2870739
-40861290  83677
-39986340  -2404691
-39975240  -431305
-46864290  -3503187
-44013140  1078794
-49962590  -2035650
-51248329  -2641026
-53209077  -1707580
-53953725  67426
-57430031  -1551943
-57805001  -999213
-61372039  1205709
-61301588  -4496154
-61333691  2061013
-64174316  -4610273
-65459131  -989283
-68561212  -1226589
-71242265  -292979
-71640450  -1509528
-71221241  -2169129
-74671782  -665904
-75667781  -5073547
-77057346  -2083713
-78393126  -256815
-81968837  227312
-80055260  -3975218
