46234860  46234860
45232360  2071450
47117760  -2071450
45093710  -2899530
42074660  -1267581
37153960  -2596747
41019910  592148
35110560  -2740356
36994260  -1658013
33972410  -2629762
32949910  -911874
28031160  -2992936
29893310  -398506
25966010  -1628842
23940560  -1881080
21919760  -3459744
19902660  -1208448
18913060  882583
17894510  -1783204
18779210  -1168101
16761760  -4960934
11824560  -953621
9809010  613161
11682310  -1143896
10675760  -1258786
9647610  -3002672
6635460  -2969075
2709610  238529
4592710  -3468722
3537910  386742
-2370790  -649470
-1488740  -2518028
-3519840  -1997087
-4509440  -891111
-5533740  -4804634
-10446790  1180631
-8564690  -1851786
-9589340  -3558539
-15516890  -1905876
-15540890  -1216090
-14649190  -349320
-20575990  -1968742
-22593440  -3161720
-19711140  437458
-22730090  -1796366
-23750540  -708421
-28679590  -2359472
-28698990  -3782384
-30721540  -913878
-28866840  -2170515
-31882590  -2772160
-31873690  -915096
-38829940  -1150184
-40859390  -2996614
-40861290  -265994
-39986340  -2870739
-39975240  83677
-46864290  -2404691
-44013140  -431305
-49962590  -3503187
-51248329  1078794
-53209077  -2035650
-53953725  -2641026
-57430031  -1707580
-57805001  67426
-61372039  -1551943
-61301588  -999213
-61333691  1205709
-64174316  -4496154
-65459131  2061013
-68561212  -4610273
-71242265  -989283
-71640450  -1226589
-71221241  -292979
-74671782  -1509528
-75667781  -2169129
-77057346  -665904
-78393126  -5073547
-81968837  -2083713
-80055260  -256815
-83626986  227312
-84393415  -3975218
-84564567  -1330468
-90230808  978282
-91119910  -1378427
-91672759  -3000301
-91928980  -2577915
