-538770
-665430
-792030
-918510
-1045180
-1171580
-1298150
-1424880
-1551160
-1677880
-1072330
-1198690
-1325340
-1452020
-1578530
-1704800
-1831770
-1958200
-2084790
-2211440
-2337950
-2464690
-2591240
-2717650
-2844360
-2970850
320110
193700
67170
-59480
-186130
-312790
-439420
-565880
-692480
-818930
-945360
-1072110
-1198640
-1325280
-1451780
-1578040
1224370
1098030
971260
844920
718250
591910
465010
338610
211880
85310
-41090
-168060
-294880
-421510
-548330
-674880
1395210
1268420
1141710
1015160
888450
761680
634870
508100
381480
254820
127950
1630
-125180
-251980
-378620
-505540
-632290
-758680
-885570
-1012560
-1139060
-1265750
-1392680
-1519230
-1645970
-1772500
-1899500
-2026060
-2152940
-2279680
-2406250
-2533010
25570
-101040
-227620
-354550
-481430
-608000
-734590
-861380
-988240
-1114880
-1241470
-1368230
-1494870
-1621600
-1748340
-1875230
-781450
-907900
-1034490
-1161400
-1288130
-1414750
-1541660
-1668340
-1794880
-1921730
-2047820
-2174560
-2301050
-2427120
-2553790
-2680380
-121670
-248280
-374620
-501080
-627640
-753850
-880510
-1006980
-1133220
-1259940
-1386260
-1512780
-1639160
-1765570
-1892250
-2018520
51910
-74660
-200980
-327330
-453850
-580430
-706830
-833210
-959810
-1086210
-1212490
-1339130
-1465570
-1592110
-1718320
-1844890
713640
587240
460980
334740
208200
81350
-44960
-171510
-297840
-424460
-550920
-676910
-803870
-930290
-1056750
-1182990
2107940
1981500
1855240
1728520
1602270
1475580
1349480
1222750
1096390
970080
843710
717020
590620
464250
338220
211330
1061420
935090
808760
682220
555920
429240
302930
176400
50130
-76310
-202660
-329250
-455490
-581990
-708470
-834760
-229150
-355530
-481770
-608210
-734640
-860620
-987450
-1113630
-1239850
-1366790
-1493160
-1619250
-1745960
-1872420
-1998830
-2125380
1654030
1527900
1401130
1275370
1148450
1021870
895670
769040
642700
516370
389910
263540
137380
10710
-115220
-242010
-2565450
-2691970
-2818490
-2944850
-3071310
-3197640
-3324090
-3450550
-3576430
-3703130
-3829760
-3956240
-4082670
-4209360
-4335750
-4462230
-1415480
-1541830
-1668310
-1794840
-1921260
-2048010
-2174060
-2300930
-2427280
-2553560
-2680350
-2806670
-2933550
-3059890
-3186330
-3312980
-1242410
-1369040
-1495220
-1622100
-1748230
-1875140
-2001490
-2127860
-2254550
-2381050
-2507430
-2634130
-2760430
-2886740
-3013500
-3139920
1615660
1489260
1362670
1236150
1109550
983130
856900
730190
603540
477070
350760
224480
97680
-28580
-155420
-281930
-408490
-534880
-661530
-787790
-914480
-1040830
-1167380
-1293620
-1420380
-1547040
-1673560
-1800250
-1926970
-2053540
-2180230
-2306910
-724520
-851540
-978250
-1104760
-1231450
-1358280
-1484870
-1611560
-1738200
-1864950
-1991450
-2118100
-2244850
-2371520
-2498330
-2624770
-554460
-681160
-808020
-934590
-1061230
-1187970
-1314600
-1441330
-1567740
-1694760
-1821360
-1947920
-2074580
-2201330
-2328100
-2454520
592080
465370
339050
212160
85410
-41260
-167970
-294600
-421290
-547990
-674640
-801210
-927930
-1054540
-1181240
-1308060
-946500
-1073020
-1199780
-1326480
-1452960
-1579540
-1706480
-1832800
-1959640
-2086370
-2212840
-2339280
-2465710
-2592130
-2718310
-2844950
-286170
-412270
-539080
-665610
-791830
-918330
-1044620
-1170840
-1297610
-1424170
-1550350
-1676930
-1803130
-1929760
-2056270
-2182650
864720
737900
611600
485100
358580
232120
106160
-20540
-147030
-273460
-399800
-526440
-652640
-779220
-905740
-1032110
306290
179670
53260
-73250
-199390
-326010
-452350
-578900
-705140
-831590
-958080
-1084500
-1210940
-1337350
-1463860
-1590260
968540
842330
716140
589470
462890
336400
210300
83590
-42780
-169180
-295440
-421980
-548480
-674890
-801250
-927590
1631220
1505020
1378430
1252360
1125570
999530
872900
746520
620370
493870
367300
241000
114600
-11930
-138480
-264730
-879220
-1005570
-1132110
-1258400
-1384910
-1511120
-1637570
-1764020
-1890530
-2016500
-2143270
-2269490
-2396010
-2522190
-2648910
-2775040
1980510
1854370
1727810
1601560
1475240
1348720
1222390
1095790
969670
843000
716870
590330
464130
337530
211080
84800
-285690
-411920
-538640
-664740
-791270
-917110
-1043990
-1170510
-1296760
-1422680
-1549570
-1676200
-1802650
-1929010
-2055250
-2181760
132470
5920
-120400
-247090
-373560
-499880
-626190
-752920
-879520
-1005870
-1132470
-1258860
-1385320
-1511920
-1638310
-1764840
2014330
1887950
1761450
1635050
1508680
1381940
1255490
1129110
1002550
875960
749640
623080
496470
370010
243450
117060
-9390
-135990
-262490
-388950
-515420
-641890
-768330
-894440
-1021340
-1147710
-1274210
-1400790
-1527150
-1653740
-1780320
-1906560
-1056750
-1183090
-1309770
-1436170
-1562670
-1689170
-1815240
-1942110
-2068640
-2194870
-2321670
-2448270
-2574890
-2701410
-2828210
-2954940
-396280
-523020
-649510
-776270
-902850
-1029610
-1155990
-1282720
-1409100
-1536090
-1662590
-1789360
-1915880
-2042470
-2169200
-2295670
-713760
-840240
-967010
-1093610
-1220280
-1346660
-1473490
-1600030
-1726650
-1853420
-1980010
-2106640
-2232950
-2359990
-2486540
-2613190
921970
795440
668580
542150
415330
288610
162440
35480
-91070
-217540
-344180
-470790
-597560
-724320
-850750
-977600
1336990
1210440
1083730
957050
830380
703910
577320
450670
324210
197450
70900
-55490
-181940
-308300
-434550
-561100
1753770
1627350
1501060
1374440
1248130
1121600
995690
868860
742510
616140
489830
363370
237150
110530
-15900
-141960
1196060
1069870
943350
816990
690390
564440
437650
311390
184970
58480
-68000
-194440
-320490
-446720
-573570
-699830
-94060
-220470
-346720
-473020
-599470
-725990
-852460
-978810
-1105140
-1231460
-1358060
-1484390
-1610670
-1737160
-1863490
-1990040
1057020
930730
804220
677790
551330
425150
298680
172340
46050
-80380
-206820
-333400
-459900
-586140
-712360
-838650
1231660
1105520
978790
852750
726130
599860
473860
347220
220710
94370
-31950
-158500
-284800
-410680
-537130
-664080
1650740
1524280
1398090
1271680
1145190
1018900
892570
765940
639570
513690
386970
260740
134270
7640
-118730
-245000
-1347730
-1474050
-1600480
-1726700
-1853360
-1979450
-2106170
-2232380
-2359000
-2485030
-2611500
-2738100
-2864340
-2990920
-3117280
-3243570
-1172830
-1299340
-1425310
-1552140
-1678080
-1805040
-1931200
-2057780
-2184010
-2310250
-2437040
-2563470
-2690040
-2816480
-2942810
-3069470
-266480
-393100
-519640
-645960
-772680
-899140
-1025330
-1152010
-1278580
-1405120
-1531550
-1658040
-1784460
-1910990
-2037190
-2164010
-825850
-952250
-1078760
-1205150
-1331830
-1458120
-1584820
-1711150
-1837410
-1964040
-2090450
-2217030
-2343830
-2470290
-2596800
-2723280
-1141050
-1267560
-1393980
-1520420
-1646930
-1773380
-1899880
-2026620
-2152930
-2279560
-2406010
-2532640
-2659140
-2785600
-2912150
-3038550
-235410
-362320
-488750
-615390
-741850
-868360
-994680
-1121270
-1247630
-1374260
-1500850
-1627310
-1753980
-1881060
-2007670
-2134510
2865330
2738630
2612000
2485260
2358530
2232220
2105120
1978510
1852240
1725180
1598630
1471760
1345130
1218500
1092130
965520
838880
711710
585150
458660
331870
205300
78560
-48270
-174700
-301680
-428220
-554850
-681580
-808170
-935060
-1061610
1008630
882140
755370
628840
502020
375390
248560
122180
-4700
-131380
-257960
-384690
-511340
-637940
-764730
-891190
1911480
1784760
1657980
1531240
1404690
1277900
1151310
1024720
898160
771320
644850
518580
392090
265550
139560
12830
130430
4220
-122380
-248830
-375090
-501520
-627760
-754510
-880890
-1007240
-1133540
-1260170
-1386470
-1513000
-1639420
-1765520
-183370
-309630
-436260
-562680
-688990
-815530
-941820
-1068450
-1194520
-1321240
-1447700
-1574030
-1700020
-1826910
-1953390
-2079810
1455470
1329300
1202640
1076240
950030
823470
696930
570670
444620
317840
191750
65130
-61180
-187810
-314080
-440640
1385800
1259460
1132980
1006640
880500
753700
627540
501150
374650
248130
121830
-4640
-131100
-257470
-383660
-509890
-1368720
-1495110
-1621030
-1747950
-1874210
-2000650
-2127090
-2253210
-2379820
-2506300
-2632660
-2758730
-2885070
-3011600
-3137890
-3264150
-2658000
-2784680
-2910970
-3037320
-3163500
-3290150
-3416440
-3542850
-3669240
-3795570
-3921910
-4048460
-4174680
-4301080
-4427100
-4553850
690710
563830
437950
311690
184790
59020
-67770
-193980
-320470
-446990
-573270
-699570
-825550
-952260
-1078680
-1204720
865540
739400
613130
486810
360400
234010
107550
-18600
-144950
-271060
-397730
-524310
-650600
-777140
-903430
-1029910
308590
181890
55440
-70920
-197430
-324050
-450450
-576710
-703330
-829700
-956090
-1082180
-1208930
-1335410
-1461640
-1588120
238280
111970
-14700
-141040
-267570
-393980
-520120
-646710
-772880
-899770
-1025960
-1152510
-1278930
-1405460
-1531730
-1658270
-564110
-690320
-816660
-943040
-1069520
-1196140
-1322360
-1448760
-1575420
-1701870
-1828370
-1954630
-2081140
-2207280
-2334020
-2460320
3027630
2901240
2774810
2648540
2521910
2395600
2269080
2143010
2016420
1890220
1763530
1636750
1510370
1383870
1257130
1130300
1003740
877510
750490
624410
497410
370860
244450
117760
-8950
-135430
-262160
-388300
-515220
-641820
-768290
-894770
2151790
2025390
1899090
1772220
1645530
1519280
1392370
1265790
1139360
1013040
886260
759780
632880
506440
379870
253180
-1338000
-1464530
-1591200
-1717820
-1844250
-1970860
-2097130
-2224180
-2350470
-2477100
-2603830
-2730160
-2856800
-2983480
-3110130
-3236550
1519020
1392300
1265730
1139210
1012610
886220
759490
632910
506670
379790
253580
127160
910
-125300
-251720
-378100
472000
346010
219470
93120
-33150
-159570
-285910
-411990
-538580
-664460
-791020
-917410
-1043680
-1169970
-1296490
-1422730
-1304950
-1431190
-1557630
-1683930
-1809880
-1936480
-2062850
-2189030
-2315410
-2441520
-2568100
-2694510
-2820830
-2947170
-3073110
-3199340
-396690
-522740
-649320
-775710
-901830
-1028210
-1154700
-1280840
-1407270
-1533550
-1659500
-1786180
-1912540
-2038670
-2164810
-2291520
2220380
2094250
1967730
1841400
1715070
1588770
1462450
1336430
1210010
1083680
957250
830980
704600
578350
452290
325800
1176510
1049930
923320
797470
671120
545080
418690
292090
165820
39510
-86750
-213130
-339160
-465510
-591770
-718120
376300
249730
123490
-2520
-128920
-255090
-381470
-507760
-634090
-760030
-886430
-1012930
-1139190
-1265490
-1391700
-1517950
-423860
-550160
-676130
-802670
-928720
-1055140
-1181570
-1307770
-1434050
-1560130
-1686280
-1812580
-1938840
-2065130
-2191610
-2317750
-1712030
-1838030
-1964500
-2090510
-2216920
-2343260
-2469490
-2595700
-2722210
-2848230
-2974740
-3100940
-3227430
-3353840
-3480150
-3606510
-803710
-930130
-1056370
-1182790
-1308850
-1435510
-1561970
-1688080
-1814670
-1940950
-2067280
-2193320
-2320010
-2446460
-2572840
-2699210
103830
-22540
-149130
-275320
-401530
-528140
-654260
-780760
-907250
-1033620
-1159830
-1285990
-1412480
-1539060
-1665480
-1791710
522910
396510
270460
143780
17480
-109030
-234950
-361620
-488100
-614430
-740470
-867230
-993440
-1119840
-1246170
-1372640
209930
83550
-42640
-169170
-295480
-421910
-547960
-674470
-801100
-927150
-1054050
-1180310
-1307060
-1433320
-1559970
-1686530
-104360
-230870
-357330
-483770
-610620
-737010
-863500
-990010
-1116350
-1243050
-1369710
-1495990
-1622660
-1749120
-1875680
-2002110
312390
185970
59280
-66950
-193690
-320250
-446510
-573340
-699660
-826120
-952870
-1079360
-1205780
-1332340
-1458420
-1585200
240910
114620
-12100
-138450
-265050
-391560
-518120
-644470
-771030
-897620
-1024160
-1150690
-1277080
-1403710
-1530060
-1656660
-1783420
-1909790
-2036250
-2162870
-2289090
-2415920
-2542260
-2668830
-2795270
-2921930
-3048110
-3174640
-3300820
-3427160
-3553370
-3679690
1076340
949990
823870
697410
571350
444910
318660
192310
66000
-60280
-186370
-312940
-439000
-565220
-691710
-817780
1008630
882670
756040
629940
503490
377380
251030
124970
-1500
-127890
-254250
-380410
-506740
-632780
-759230
-885510
208620
82700
-43990
-170060
-296090
-422500
-548730
-675180
-801500
-927780
-1053730
-1180320
-1306610
-1433010
-1559260
-1685390
1361940
1235410
1109040
982870
856550
730330
604110
477790
351410
225280
99200
-27330
-153490
-280000
-406010
-532370
-1390700
-1517190
-1643550
-1769860
-1896150
-2022160
-2148600
-2274760
-2401040
-2527010
-2653370
-2779930
-2905890
-3032090
-3158660
-3284770
1226870
1100610
974540
848220
722020
595800
469560
343220
217060
90600
-35670
-161810
-287830
-414370
-540650
-666720
671740
545180
419210
293320
166580
40420
-85920
-212030
-338500
-464510
-591010
-716960
-843470
-969730
-1095730
-1222320
-1348140
-1474730
-1600900
-1727250
-1853500
-1979570
-2105920
-2231840
-2358490
-2484640
-2611070
-2737330
-2863590
-2990180
-3116370
-3242970
780580
654190
528020
401470
275110
148780
22460
-103810
-230390
-356720
-483040
-609280
-735880
-862140
-988420
-1114840
1444180
1317640
1191260
1064960
938410
812200
685640
559390
432940
