46234860
45232360
47117760
45093710
42074660
37153960
41019910
35110560
36994260
33972410
32949910
28031160
29893310
25966010
23940560
21919760
19902660
18913060
17894510
18779210
16761760
11824560
9809010
11682310
10675760
9647610
6635460
2709610
4592710
3537910
-2370790
-1488740
-3519840
-4509440
-5533740
-10446790
-8564690
-9589340
-15516890
-15540890
-14649190
-20575990
-22593440
-19711140
-22730090
-23750540
-28679590
-28698990
-30721540
-28866840
-31882590
-31873690
-38829940
-40859390
-40861290
-39986340
-39975240
-46864290
-44013140
-49962590
