-2071450
-2899530
-1267581
-2596747
592148
-2740356
-1658013
-2629762
-911874
-2992936
-398506
-1628842
-1881080
-3459744
-1208448
882583
-1783204
-1168101
-4960934
-953621
613161
-1143896
-1258786
-3002672
-2969075
238529
-3468722
386742
-649470
-2518028
-1997087
-891111
-4804634
1180631
-1851786
-3558539
-1905876
-1216090
-349320
-1968742
-3161720
437458
-1796366
-708421
-2359472
-3782384
-913878
-2170515
-2772160
-915096
-1150184
-2996614
-265994
-2870739
83677
-2404691
-431305
-3503187
1078794
-2035650
-2641026
-1707580
67426
-1551943
-999213
1205709
-4496154
2061013
-4610273
-989283
-1226589
-292979
-1509528
-2169129
-665904
-5073547
-2083713
-256815
227312
-3975218
-1330468
978282
-1378427
-3000301
-2577915
-246279
-1950907
-128498
-4058939
111306
-2955684
-1629211
-2344788
-253212
-3565709
-1527434
743
-3434828
-1546533
-578127
-852824
-2898845
-693403
-1097986
-2451188
-3292640
426733
-1224232
-1069055
-1569511
-3165986
-957120
-1338179
-1420602
-1823189
-5140456
1050980
-4009744
-783444
1569736
-3169351
-2762452
-284369
-3749769
-543160
-1287374
-2747784
-292166
-2636258
-2003600
1083950
-4500155
-1091810
-30823
-2388291
-4703446
2100475
-1278976
-3157032
-1764123
-3585402
1624758
-1615434
-2493536
-1858269
-3210757
1116374
-2845289
-4687079
267889
-2580317
1358031
-2814448
-2296333
-90732
-2692442
-244608
-1101189
-3462323
-1344465
-482136
-4929577
166534
-1552334
30702
-3793920
-195052
-1922292
-2911287
-1186577
-1215990
-3530641
1543681
-2091219
-1938846
-1678887
-4148892
1304835
-2921624
-1688817
-1184128
-1563525
-4267162
-65982
-1039342
-1812841
-1898814
-3136760
-1982547
-154809
-3224759
105220
-1147053
-3047774
-3240036
-990452
-868157
-2738789
597024
-1144257
-1764579
-2413157
-4820341
-1082177
-2309040
403729
-2532981
-1555709
2133338
-2370857
-3956816
-1103824
-757914
-1597540
-3097991
-603288
-2939952
-380234
-2810370
-565877
-230569
-1609105
-5276332
-1023531
900627
-2356213
-1837200
-2566743
-1194447
-3025451
-1275449
-3161917
-186372
161579
-3264464
-663650
-4030691
-2521111
222017
-785107
-2119018
-1885239
62784
-1409159
-3864310
-1876880
-661855
-1149715
-3012968
-1265639
-3112962
-1493321
-1112271
-2355116
-846658
215489
-4377323
-2227494
128550
-2328723
-979723
-1011801
-1731902
-1516584
-1769823
-2072324
745967
-2730476
-1227710
-1855872
-2469821
879868
-5045608
1882141
-5058184
-613951
-1126741
-2105384
-1234783
-3421522
-825472
143613
-3002795
529211
-2943260
-864778
-2826261
-2551173
-707110
-2695018
-685751
-1528000
-3008996
-477049
-3520048
-1755001
-7661
-562447
-2326885
-2697751
-210625
-2782315
-432720
-4025778
295816
-1068058
-3361278
-650490
-2636584
-2141656
