2116772391
2112957793
2111687326
2113279616
2108723369
2107572424
2106587608
2105438682
2103433865
2102074953
2099350736
2099463122
2098431485
2093495188
2093466145
2094318872
2090583767
2090056380
2087837924
2084742842
2085342813
2081643102
2082083356
2079495819
2076909737
2075445764
2076198191
2075201567
2073090856
2071439287
2067377052
2067213446
2065231362
2062366964
2061266949
2060378174
2058542680
2058141795
2054173201
2055351189
2053006960
2051677083
2051370994
2048036279
2044929046
2044889940
2041825450
2041274289
2041242101
2038418393
2036585116
2037393236
2035507607
2036317548
2030959159
2028628365
2026747186
2024522592
2020278753
2021607315
2017275291
2018830777
2018205170
2017216590
2011664146
2011746663
2011078922
2009213370
2007984352
2004679764
2004483266
2000058229
1999021253
1998986948
1998714759
1996640988
1994604153
1991423803
1991636503
1988934793
1987191121
1984438438
1983331622
1983653799
1981146831
1980533978
1977054892
1978270611
1973444195
1972431112
1971647246
1969932162
1970903393
1965964535
1966517757
1961700254
1963293351
1959837748
1959900173
1956714640
1957800513
1956055785
1954542934
1953052506
1949334750
1950564273
1948060914
1946323092
1943820802
1944062432
1941580420
1937870626
1934765658
1933996463
1934352325
1929923821
1931616428
1928650731
1927271646
1925868308
1924716275
1920266689
1920452848
1919092812
1916493865
1913496447
1913009262
1913114111
1910758657
1910359795
1904675260
1905521596
1904998263
1901764708
1897926040
1897049339
1896654333
1897237401
1893919432
1893397462
1891640438
1888828658
1886936163
1887749310
1883670226
1881436608
1880452714
1877691109
1879251854
1875432116
1873712177
1871113818
1871103188
1871427364
1868927875
1865957731
1864824843
1862572085
1860727097
1860474219
1859926466
1858660469
1853840808
1855052424
1854550910
1850577342
1849231813
1849685525
1845322536
1842754243
1844183181
1841993243
1840733842
1839457936
1838201913
1834354780
1833514987
1830032888
1829379906
1829744505
1826266632
1824252960
1823873104
1820254264
1819485274
1817288890
1817004101
1816360787
1813371994
1811846667
1807782330
1807623754
1804042050
1803789753
1801672733
1800645307
1798801295
1797521554
1797139951
1795885370
1794413746
1793114574
1792894758
1788584852
1787788859
1785801006
1781961950
1783144004
1781413340
1780517840
1776439369
1777280513
1774542743
1772555923
1772784854
1769693467
1769564995
1767790741
1765070725
1764058147
1763797933
1761077711
1759067012
1757349780
1756797610
1754329946
1753329386
1751169145
1747494499
1746605362
1746465243
1743883622
1740904725
1742190606
1741960555
1738477579
1738078008
1734969595
1733258954
1733476068
1729020379
1728983224
1725909889
1726715759
1724581662
1723589932
1717198531
1718479301
1717132374
1712551779
1710172901
1708900332
1708022749
1709110999
1704825998
1703060244
1701286060
1702250195
1701383230
1698024470
1697873633
1694180849
1694308852
1690853603
1692521262
1690040169
1685593011
1685061757
1684153609
1683192005
1682918188
1680410592
1676923395
1675451324
1673561636
1671724843
1670551287
1668461541
1668218554
1665716641
1665651215
1664550928
1660837348
1660793710
1658795150
1658295640
1656450280
1654711330
1653696676
1651334381
1649966229
1647948817
1645129014
1644710268
1642616775
1642827418
1640078928
1636590929
1635126357
1635334651
1634715540
1629524052
1631092218
1627517225
1625989791
1622420257
1624483163
1619659398
1618919770
1618623599
1614656356
1612054777
1614369441
1610786710
1609723332
1608475953
1604898003
1602806472
1604263536
1601660456
1600876727
1599921902
1595917668
1596147452
1594043750
1590191666
1589999599
1587598954
1587875153
1587532736
1583098053
1584163165
1581559423
1577599307
1577810757
1576942726
1572483190
1571726585
1573171817
1570791311
1567921325
1565571873
1564817401
1563317485
1560751494
1561939004
1556501693
1558173827
1556179476
1552831278
1553178573
1551947778
1550311650
1548199104
1545368373
1541399630
1543576091
1540604601
1541591104
1539473817
1536473220
1534382616
1530628585
1530861310
1530085924
1529718500
1526114164
1526106330
1525115171
1520779448
1519284267
1519016458
1516248756
1512814681
1512544928
1512252690
1510754871
1506929983
1507012579
1504057724
1502190465
1499100910
1497456449
1495185003
1493940677
1492928107
1491424302
1491512100
1489175722
1488642729
1488402072
1485046410
1484027540
1480342190
1480517875
1476957589
1477416917
1473613709
1474195738
1472178723
1470579592
1470160205
1466220176
1463617915
1463846852
1460852709
1460350302
1460942955
1457965924
1456440889
1455481360
1454479067
1451842997
1449265834
1448373667
1446256104
1445486024
1443995644
1439771615
1438015527
1436873377
1436493558
1435852337
1433151459
1431978885
1430135721
1430246039
1428482455
1425894408
1423277483
1421893971
1421516216
1420602185
1419124276
1415153421
1413659869
1413755734
1412131342
1409269450
1406685122
1405838979
1401953676
1401649107
1399157193
1399645116
1399279352
1395695325
1394534408
1394399864
1389851165
1389058578
1389407737
1387271122
1383745494
1384664261
1380352274
1380535938
1379793950
1376815649
1376659880
1375922290
1370249054
1369218104
1370174082
1365592909
1366569635
1365811695
1362586440
1361532776
1360047682
1356596251
1355341007
1355818993
1354200031
1351740530
1347895187
1348849851
1345404125
1347070170
1342237659
1340395130
1341624178
1338885972
1336276111
1336581575
1333386793
1331875302
1331993249
1328036449
1326412002
1328104621
1323400643
1320180228
1320416169
1319998933
1317895180
1315916053
1314529615
1312014534
1310658495
1308283587
1306928747
1307137961
1304300761
1302888827
1299836892
1298345063
1296091218
1295296836
1294901901
1293058063
1292138751
1291040291
1287808137
1286066356
1284669670
1280753777
1280373926
1281935156
1276963909
1274245802
1276454340
1275672793
1273173010
1271925492
1270809989
1268429434
1264464258
1262238335
1262952654
1259520398
1260711138
1257101951
1257339195
1252763421
1252751837
1250516438
1250825527
1247771802
1246381249
1245857559
1241917733
1240266253
1238764771
1238752062
1235151567
1235506138
1234591075
1232390852
1229543024
1227652965
1225295462
1226116131
1225235871
1222745562
1222363881
1220634774
1219231040
1214666546
1214026480
1212075684
1209537082
1208655524
1209137233
1205690663
1203705834
1200470979
1202269452
1197565735
1197192273
1194444404
1193697300
1194053564
1192163696
1190521448
1185842046
1186679913
1184191991
1181855074
1181975992
1178727134
1179433933
1178796808
1175810299
1174330226
1171855083
1168760516
1167705749
1165867692
1163030993
1163314483
1162817777
1159862465
1160951344
1158572442
1157236004
1154007590
1153362877
1151972326
1148134302
1149595374
1144397852
1146346379
1142260131
1143845637
1139277605
1138006490
1137960490
1135363485
1133613252
1132605254
1130869420
1128675920
1128736133
1125742696
1121554550
1120915407
1120894369
1120389750
1116675879
1117745477
1115899175
1115644931
1112526896
1106840604
1109148218
1105944204
1102491665
1103537865
1098962195
1098808140
1096233526
1096539700
1094247303
1094788363
1091908958
1087363724
1086694406
1086777343
1085178625
1082451532
1084049055
1078991127
1078950343
1078043124
1075832513
1072355850
1071725850
1070266734
1070439534
1069178509
1065116052
1062519095
1063227544
1061129193
1060948607
1059721665
1056757306
1053172418
1053359277
1050414705
1048786613
1046754536
1046858467
1045462246
1043276616
1043217627
1042871066
1040486810
1037874758
1035016005
1035735046
1032527136
1030292835
1029134407
1027638507
1027372290
1024528018
1024498001
1020770779
1021762712
1020257174
1017642913
1014287530
1014249809
1011308444
1009457125
1009887379
1003593759
1005389614
1004144892
1002777940
997336276
996241527
996548084
994326389
993090926
993555220
990201243
986955018
985995676
985712091
984927176
980344341
981167773
979809288
975655522
975121342
975210424
973825997
972571879
970437143
968837600
965501643
964105314
964211538
960518026
958130581
957982494
958205525
953671608
955113049
951044158
952345300
948777564
948750597
946506164
946104792
942724608
940371083
937648872
937369361
936235067
933295285
934253393
933134437
930766834
927523475
928371871
925110451
922789787
920578826
921907930
920267771
917393762
915541651
913289798
913145236
909949770
910140373
906934205
905347867
904679525
903369557
902550537
898954935
898209413
898165724
895796304
895927791
891380014
890606932
890297339
888804284
886057458
884336737
883419654
882064328
877249891
879065055
876076834
875675417
872948776
869123148
867497153
869684711
865887764
865222523
863503472
860882768
861325987
859306228
854530494
855485400
853033873
852709867
848879906
850696034
848228088
845502606
844762677
840665036
841736541
839776189
838974717
836520802
835508037
831789015
832152867
831626681
829771007
826428893
824451203
823787923
823382616
822248686
818919105
818437804
816300964
815897616
813888969
812054551
808072731
807811796
805245625
806564349
802826419
799842250
801782721
799564719
795728472
796206225
792852648
790882487
792312145
787371815
787060166
785101910
783824957
781390496
781966815
777264609
777120554
775672314
773915778
772899094
773827655
770009402
768273242
766042582
764646426
766084425
761516802
759497029
758361411
758447892
756950619
754726188
750645851
752081383
749360392
746277310
747747582
746861942
743963903
741498956
740601838
738366608
736612991
736498176
735645544
734276295
732400591
729985795
725443617
727019437
723223256
721948780
722513550
720660869
718664018
716397300
712455093
712814022
710099715
710828674
710058135
707950775
705839613
704463733
701363332
699109606
700328721
699286125
696553928
693819514
690374253
690215170
688709378
686625305
686000360
686424050
684708828
682844941
678998995
679059766
675858560
676823159
675214702
670523872
672345757
668405948
666989791
664507745
663753678
662013466
661754722
658290154
658362777
656021483
656743657
653414717
651882368
650479606
649010478
646920736
647131881
643416545
642413900
640767949
638520649
637396793
636558150
634740859
633636023
629976577
628840458
629783594
625340221
622951348
623422199
622930622
618722849
620014059
616236140
615187620
614283187
610976174
609743156
610779727
608319586
605247897
602846093
603231610
602101738
598625815
599207409
598286875
596156196
594663335
590474892
590462046
587138180
584876473
584024449
581757837
583820112
581080635
577010787
577843949
578082995
574106143
572029190
570402322
569747788
569212578
566145216
565970475
562651431
563072868
558887811
556165200
557389724
555422463
555506527
553858127
550633682
549720021
547528782
544828817
543524764
540943588
540568894
541124581
539398501
536062917
536514175
531842926
531327148
530527112
527927469
526939437
527141941
524069618
523387725
521042740
519920429
516488967
515358054
514350544
513593139
512302205
509061966
508556590
505987006
505430150
502861417
503685432
500569351
498575549
495546986
494751032
495683850
491629580
491343695
487624173
486869117
485985488
485341904
484110712
479920056
480620660
476502347
478344715
476443412
474001558
473478139
471838592
468744939
467706280
463303461
464017406
461860695
460505095
460350148
457529382
456245693
454866914
453989584
451774818
452121718
447327843
446790663
445792000
443910245
440956177
438686636
438278288
437872052
433950394
434870380
430075728
429787770
427337823
428052217
424610176
422731450
423527897
419730229
418701842
419053612
417776227
413461679
412352538
413560931
409848304
409902825
408160464
403724636
405299137
401608204
399494252
400211780
398321828
396190629
396042834
392743190
389758595
388882757
389958369
385374745
387220104
383525961
382599911
380741609
379603182
376179013
375527431
376223363
371035718
370239960
368026376
368240435
365157805
363041726
364218195
359529411
360258121
359238489
355535250
354526254
352671887
352515304
348702158
350375422
348750988
347766313
342361519
343051908
342270472
338567837
339158271
335952142
333438131
333295974
331790424
327832250
327173232
327293257
325814093
324799547
321087069
321065772
317456558
318408784
313705021
314516922
311704516
312023300
310678371
307853606
306942972
305791416
300990620
301716002
299566699
298935296
298057664
296583639
292156977
291506534
291950639
290189214
288347078
285482877
283034764
282360412
279788297
279702935
278592020
275266574
275595619
274228199
273606871
270885225
267552581
265671033
263887464
264856099
262848299
260614162
260112438
258370947
252694098
252544536
253257339
250536771
247332339
248899110
247248158
243708919
244632056
242382550
241765568
239280310
235193879
235181840
231335907
231872898
231018733
230030265
227067205
227412874
224695424
221354224
222923325
218222746
219062530
214611334
215458557
213074837
211836748
209912527
208445278
206333825
205344021
203372949
201985493
201982372
198756531
198210578
193761760
192645030
191242746
189788402
190355233
187765863
186476030
185200798
181396582
180284221
180868603
176679819
176619985
175146075
173595121
173755475
171604102
170138639
166896929
166609673
164140460
163116943
161854929
158185145
155956141
156500144
153660665
154611791
152516858
149396009
149753689
147760606
146039798
141581726
142656264
140299782
137234080
136799790
133992148
135290575
132658185
129817649
128931939
127808287
125589803
126678318
122065411
120572406
120904872
118916228
114723259
114934314
113332348
112953353
110853573
108953864
106503929
107320346
103336106
103192489
99650157
99140036
97152237
95393651
95093282
92160165
92885964
91449413
89717087
86254069
84288689
85200639
82641983
80159079
79871704
78982449
77494273
74016103
73086877
69026411
67042206
67630413
66370049
64287260
61544794
62604776
60392331
58033394
56522573
56121406
55370253
51578273
52130253
49914809
46928082
47517241
45518174
41349578
40528130
40007058
36701316
35088887
35040174
32914404
32677107
28095429
29174517
27202726
24096586
23077400
20864367
22038023
20943894
16848440
17178545
12260628
13691232
9769523
8248262
8450186
6744470
4353339
1297001
3330931
1214064
-2385449
-2364645
-3632943
-5003389
-7391080
-8155435
-11463564
-13720521
-12415742
-14765163
-18733014
-21575662
-22470273
-21871675
-23719686
-24629795
-26847061
-28950880
-30833080
-32065528
-34330809
-35348126
-34501937
-37567407
-38820125
-40224041
-41846980
-42713485
-44372608
-47330773
-46972678
-48715291
-51248329
-53209077
-53953725
-57430031
-57805001
-61372039
-61301588
-61333691
-64174316
-65459131
-68561212
-71242265
-71640450
-71221241
-74671782
-75667781
-77057346
-78393126
-81968837
-80055260
-83626986
-84393415
-84564567
-90230808
-91119910
-91672759
-91928980
-95597327
-97760417
-99727859
-98052811
-100015704
-102641972
-104487472
-104266241
-109066003
-109994558
-112196892
-111037815
-112733034
-113865209
-115123070
-120203711
-120215595
-120239658
-121764050
-124869135
-126832952
-128583570
-129839339
-129610925
-130601561
-131494617
-133991641
-138303250
-137747715
-141548081
-141701012
-143357106
-145459955
-147205110
-149802844
-148985759
-150460316
-153677653
-154910158
-156799572
-156324506
-160779006
-159981090
-162057014
-162955091
-166680278
-166471474
-167826915
-169577564
-169559225
-174238337
-176248791
-178141910
-176817542
-180071353
-179693831
-181949194
-185476616
-185269404
-188012345
-189188491
-190892689
-193465851
-192287653
-193780317
-196651865
-199491601
-198927271
-199915287
-204119952
-206575446
-207461126
-209110813
-210374709
-211577731
-211017404
-215212488
-215108243
-215627365
-219936891
-220092488
-222209308
-222471010
-224353058
-226697940
-227142700
-230502012
-232969699
-233102509
-233745852
-236453572
-239587641
-239368157
-241840260
-243201657
-242725952
-244624979
-248694345
-250552261
-250355078
-253654456
-255190564
-254729390
-257917787
-259904948
-261627690
-263648781
-262335552
-266667189
-267197401
-268782569
-268921641
-270051264
-274285315
-276517622
-275079236
-278644434
-281351244
-281618908
-282628633
-286231159
-284315726
-288620658
-287903943
-291495015
-293858396
-293379367
-295493578
-296237707
-297495838
-300364876
-301118684
-301780496
-304967463
-304031029
-308111203
-308712215
-311582160
-312464178
-314822531
-317922240
-317819088
-318201291
-318998191
-321626042
-325063327
-324747230
-325014427
-326106907
-329670256
-331336624
-330979530
-332997745
-336182832
-335977249
-341809697
-344252141
-343094950
-343689551
-347387875
-349653548
-349930410
-353167128
-355154853
-355167918
-358031040
-358324923
-362380967
-362410936
-361934397
-365962852
-364085624
-365688145
-368560493
-368689464
-372283025
-372423349
-376384591
-374545260
-379614156
-382003003
-382772425
-382060813
-386859554
-387848369
-389486362
-390121623
-393835826
-391920571
-392908416
-395922617
-399720581
-399242247
-401110019
-402396641
-404011658
-406810959
-405017914
-408252280
-412170812
-414052780
-411997712
-413521309
-415243871
-419085690
-417976555
-422481689
-423713417
-425090377
-426960865
-427612324
-427738079
-429127966
-430471776
-432363953
-434736710
-437457818
-439444839
-440818148
-442552067
-442341142
-444085037
-445219406
-445449833
-449173966
-452857893
-454153687
-455517514
-456407121
-457293891
-459379593
-461620092
-460826687
-462319401
-463179484
-467159892
-466936339
-469435812
-472757016
-471169579
-475024163
-475184969
-478518891
-479541486
-479916902
-484837311
-485639868
-488967624
-486908850
-489496663
-489854709
-493683805
-491508793
-495952242
-494765210
-498732484
-499178166
-501980999
-502850697
-506322088
-507484275
-509372686
-510236984
-512587285
-511356459
-515184718
-516435600
-515357139
-517370202
-519478940
-522251777
-525312784
-525443529
-525604298
-528570453
-530684709
-530323754
-531846946
-535306189
-537395833
-536327378
-538350376
-542918245
-543535066
-544410904
-547613680
-546914833
-548936543
-548583890
-553034115
-552707444
-553681371
-557376373
-558406542
-560659303
-561904653
-562066677
-563551687
-564174198
-567996452
-569380909
-570189817
-571302026
-576582741
-576758222
-576636240
-580482228
-581604785
-583097581
-584255483
-585221043
-588322546
-586778707
-589756960
-593335047
-592158361
-595218611
-598076396
-597990930
-600355172
-602812350
-603724480
-604001525
-606471470
-607123057
-610820394
-612198158
-612240844
-614468500
-614881009
-619301498
-618349018
-618477703
-622831570
-622624648
-625228386
-626216004
-626597380
-630437513
-630202473
-632584750
-634326980
-634492138
-639532649
-640910759
-640336525
-641565617
-642854806
-644339794
-648392159
-650393940
-649572956
-653501231
-651928941
-655781235
-654448775
-659129173
-659514705
-662622355
-660812496
-664649582
-666516384
-668015802
-669665722
-672489446
-673867270
-674266198
-676030044
-675780556
-678845699
-679495519
-680773282
-682761189
-685871419
-688228985
-689106765
-689993839
-691854341
-691265183
-694346360
-694406580
-697859343
-700710074
-701940818
-703437679
-702193466
-703479047
-706215068
-707121529
-711187408
-713417969
-713572025
-712733242
-717287916
-716734154
-720411314
-721813430
-724284222
-726540870
-726315401
-727305135
-730929218
-730484979
-730724324
-734302397
-736149642
-737279769
-739905894
-741165875
-743027289
-744144002
-745422225
-744819557
-749621898
-749068185
-750213783
-753513920
-752917660
-755426129
-757256051
-758396013
-760420640
-763588619
-763069702
-766656777
-767023018
-769383064
-770974426
-770278785
-774005255
-773549250
-777013858
-780585002
-777910387
-782339136
-781863323
-784101480
-783645365
-789197800
-788033551
-789024732
-791112601
-794099922
-793244150
-797438043
-797485007
-800953099
-800855882
-802228697
-803870031
-808182560
-808224250
-807845029
-808730112
-811860433
-813962057
-814109290
-815228194
-817963924
-821937112
-821220587
-823687264
-826774676
-825696723
-826980196
-828449328
-831201439
-832177722
-836001737
-837510710
-838919583
-837927250
-841651311
-841462255
-844669781
-846662553
-845938654
-848087795
-849045647
-852147941
-854784909
-856373939
-855434940
-857444742
-861754009
-863375066
-861556267
-865363183
-865052988
-865279054
-870102664
-871747961
-872492915
-875245446
-875516795
-878218126
-878642226
-879660981
-882349561
-883153967
-884624891
-888827901
-887141545
-890442613
-891130679
-892767034
-895818279
-894497715
-896121206
-897742377
-900833129
-901742509
-902830894
-904108250
-908423392
-907991486
-910438505
-910733764
-913835986
-914705266
-915738228
-919170803
-922160521
-918978665
-921720981
-922710290
-924332231
-926653087
-928950008
-931568646
-932460036
-935890814
-935677681
-937542731
-937199722
-939185093
-942321245
-943059786
-946265582
-947412827
-948879706
-950143537
-951362374
-951166536
-955600557
-956608616
-959121421
-960721050
-962080491
-961918932
-962426289
-964904226
-966918896
-967403453
-970378196
-971351495
-971786438
-974987429
-977245285
-979821011
-979581054
-980628069
-983491667
-983745990
-985738765
-989160754
-991433128
-990375942
-992853011
-994720402
-996182186
-996875981
-1000203551
-1000455161
-1001326472
-1003200435
-1006804587
-1004469450
-1008042141
-1010663279
-1012812402
-1015162376
-1015567526
-1017094142
-1017582315
-1021440789
-1020955470
-1023092380
-1025067669
-1025465460
-1028049995
-1031641572
-1030344366
-1032062940
-1033774472
-1038867005
-1039025252
-1037176173
-1043106785
-1044709084
-1045034852
-1045744151
-1046767311
-1047169347
-1050502387
-1051147413
-1053406273
-1053677243
-1055150821
-1057884602
-1060971327
-1062726923
-1064506437
-1063930575
-1066142405
-1068771943
-1068291984
-1069510831
-1070787005
-1072917252
-1074657351
-1076138139
-1078784881
-1079651879
-1081395288
-1082481100
-1084837165
-1086334776
-1088982587
-1088387810
-1092196749
-1093467796
-1095239758
-1095390178
-1098597367
-1099098785
-1099984633
-1103227958
-1104598859
-1107296898
-1105978751
-1110153855
-1112023605
-1111730802
-1116664154
-1115231407
-1120626101
-1120034358
-1121062580
-1121955193
-1126135593
-1124200608
-1128535185
-1128950335
-1133144929
-1134400236
-1134638985
-1135896829
-1137901574
-1139503877
-1141884385
-1142407764
-1142400800
-1145646913
-1146521873
-1148801560
-1152349358
-1152878649
-1153228566
-1154724929
-1157493566
-1159096100
-1157918415
-1160615257
-1162387065
-1163155105
-1165729584
-1167380692
-1170363571
-1169918160
-1172237758
-1172862196
-1175369273
-1176355413
-1178845769
-1178628287
-1182578023
-1185039720
-1184980089
-1185609182
-1188951531
-1190455485
-1189862254
-1191488846
-1194720577
-1197189017
-1199159774
-1197101355
-1198847980
-1203428866
-1203115796
-1205712379
-1209903332
-1210398670
-1210662669
-1211670284
-1215914142
-1216080466
-1218525125
-1217959815
-1219722202
-1221065914
-1225876432
-1225081447
-1228858429
-1228658884
-1231130308
-1230304710
-1233642282
-1236507852
-1236322380
-1240371865
-1241035011
-1243755760
-1244511929
-1246634203
-1245814205
-1247410259
-1248536048
-1252736957
-1254352418
-1256218792
-1258973850
-1257896565
-1260632068
-1259546113
-1261171456
-1264343320
-1265009113
-1267726294
-1268755230
-1269262304
-1273585819
-1272874969
-1275246366
-1275993037
-1277273631
-1278992406
-1279983167
-1281238350
-1284952835
-1284238109
-1286258816
-1287608104
-1291044540
-1293516928
-1295776747
-1294837671
-1297960890
-1298231580
-1301912036
-1303539366
-1303075222
-1304847813
-1306090459
-1307840669
-1308099968
-1310455932
-1314296529
-1313834489
-1318650323
-1319511974
-1320652872
-1321185567
-1323898356
-1326020027
-1327442020
-1330622677
-1329201980
-1332113812
-1332914257
-1333822692
-1337022790
-1336307801
-1339130745
-1340544843
-1344597104
-1343513353
-1344671265
-1347767307
-1349228862
-1349036818
-1353371180
-1354472617
-1354887294
-1356519723
-1360195572
-1358764385
-1361140643
-1363111913
-1363649856
-1367581029
-1367514077
-1369970338
-1369636896
-1373586433
-1375054070
-1374386599
-1377369076
-1378501334
-1382689381
-1382220817
-1383816823
-1384828110
-1385994324
-1387717239
-1388478179
-1391604058
-1392622012
-1396185196
-1398182130
-1398035098
-1397848612
-1402304210
-1402095538
-1403474103
-1406162448
-1409012733
-1408710573
-1409100592
-1413784912
-1413213775
-1418130110
-1419032901
-1421157254
-1420338796
-1425758509
-1424548490
-1424315482
-1429504025
-1427926922
-1430041973
-1432756717
-1437110093
-1434765032
-1436522071
-1437548168
-1440153094
-1441905885
-1445112176
-1445767054
-1445801239
-1449968087
-1448151905
-1449660268
-1451775950
-1454168991
-1456517360
-1460212951
-1458912308
-1462832489
-1463328668
-1464350541
-1464659363
-1468434727
-1469330802
-1473318900
-1473578123
-1472769918
-1475953324
-1475381928
-1479705046
-1481175162
-1480131843
-1483549297
-1484810867
-1488279049
-1488664322
-1488748548
-1492291267
-1491582528
-1494924501
-1496038680
-1496365459
-1497090523
-1500951880
-1503511876
-1505259456
-1505191471
-1506674883
-1508105727
-1510457063
-1511597627
-1515623686
-1515528863
-1518400775
-1520778872
-1519832951
-1521698555
-1526594102
-1526371179
-1527880925
-1528635425
-1529045975
-1530938503
-1533893176
-1535543107
-1539103355
-1537762076
-1538660852
-1541172705
-1541924640
-1545378221
-1546042807
-1547033789
-1549364322
-1549630591
-1550636226
-1555193420
-1555866406
-1559713416
-1557768139
-1560742409
-1560379971
-1561877741
-1564745796
-1565758530
-1568747183
-1569487656
-1570622155
-1573817316
-1577428093
-1576695169
-1579076296
-1578352939
-1580001270
-1584045809
-1583249317
-1587531334
-1587237595
-1587355883
-1590327650
-1593534155
-1592613999
-1596589034
-1598059385
-1597845483
-1599827675
-1602888960
-1602190139
-1603439414
-1604570953
-1606954005
-1610684559
-1610596159
-1613163306
-1616524656
-1614708825
-1618763451
-1620556667
-1623245431
-1623394141
-1626352961
-1625780728
-1627046067
-1628559609
-1631862830
-1631407860
-1634132097
-1636369138
-1639696312
-1640252451
-1641897614
-1643956308
-1645358786
-1647210903
-1649123994
-1650378187
-1649657967
-1651887892
-1651509793
-1656207443
-1655515626
-1658265778
-1661344122
-1662482324
-1664293171
-1664724173
-1665471815
-1667969282
-1668240574
-1672308972
-1673325460
-1673953638
-1677163882
-1675607629
-1680160306
-1681440629
-1681079357
-1684298947
-1685972246
-1688180654
-1689660317
-1690813733
-1690729473
-1692084694
-1696632484
-1694324300
-1698392606
-1698206048
-1701195357
-1703164549
-1705515392
-1703838210
-1706222552
-1710523968
-1711552327
-1711584547
-1712569071
-1713808200
-1716293160
-1718554610
-1723266418
-1722557086
-1723563320
-1726633211
-1728608772
-1729968313
-1732139525
-1731538741
-1735214554
-1735269304
-1737770900
-1739127310
-1741259163
-1741266125
-1744089072
-1743752763
-1745263389
-1746879424
-1748625805
-1750885505
-1754587434
-1754590565
-1756943803
-1756892394
-1759739163
-1761425570
-1763061305
-1766043382
-1764374765
-1767218162
-1769180996
-1770826406
-1772974110
-1772853789
-1773982022
-1777584084
-1777723653
-1781029907
-1781337940
-1781718403
-1784186798
-1786547393
-1786811027
-1788447530
-1790044605
-1791211615
-1794789346
-1796062039
-1796073677
-1800899905
-1800694374
-1802558968
-1803079467
-1806670293
-1806304544
-1807707866
-1810655003
-1811909312
-1813310228
-1814812133
-1815198018
-1817393208
-1822229275
-1822901687
-1825624714
-1827104432
-1827504130
-1828782438
-1832068094
-1831635673
-1832029069
-1835148712
-1838701503
-1837002231
-1838650020
-1841953437
-1843464541
-1846815970
-1847816591
-1849313177
-1849720920
-1851090314
-1852747918
-1853114584
-1857582392
-1857825303
-1857755793
-1861975866
-1862951520
-1861999452
-1864763121
-1867484198
-1869351851
-1869364986
-1872450893
-1874683544
-1875544534
-1878421022
-1877956022
-1881911178
-1883144925
-1883202508
-1884354093
-1887650254
-1889265798
-1888589379
-1893509253
-1892582467
-1892711621
-1895688274
-1898130731
-1897089280
-1900297175
-1902875693
-1902447984
-1904660879
-1906416939
-1907317326
-1910499678
-1912129193
-1912917908
-1913445592
-1917361807
-1919745527
-1921219123
-1924469113
-1925450243
-1926091738
-1927964357
-1928388050
-1931744618
-1932128351
-1934232990
-1934108731
-1936233461
-1938841047
-1940733114
-1941355741
-1944837709
-1944862510
-1944757159
-1945650337
-1948959953
-1949497717
-1950882057
-1953025765
-1954009972
-1958818882
-1958232169
-1960683087
-1960496090
-1965669895
-1966300520
-1965457516
-1966718048
-1969175452
-1971653992
-1970956550
-1975264741
-1974325702
-1977654677
-1977205603
-1978970738
-1982463550
-1983228477
-1986677517
-1985745078
-1991012035
-1989345375
-1993648428
-1994662894
-1996144363
-1996664343
-1999906529
-1999815789
-2003026154
-2003910579
-2003715739
-2007215510
-2005809246
-2008896216
-2011663008
-2010824026
-2014396345
-2016142864
-2015801127
-2016933493
-2020647135
-2023851675
-2026117861
-2028000026
-2030358407
-2028651208
-2030618885
-2031995340
-2033509154
-2035846714
-2038924056
-2036883101
-2040228780
-2041748781
-2044462981
-2046570293
-2049185277
-2050198369
-2051095439
-2051382129
-2055557640
-2056330695
-2055103719
-2058816888
-2058516837
-2060131236
-2061985843
-2063357709
-2066342693
-2067576304
-2069543614
-2073164925
-2070350205
-2074290602
-2076424226
-2077928214
-2077448105
-2079096375
-2082769102
-2083295850
-2086255769
-2084072344
-2085950862
-2087197494
-2091529748
-2091601612
-2094655635
-2095275580
-2097149631
-2097192739
-2098682607
-2103622842
-2104663671
-2104919372
-2107058667
-2110080947
-2111859712
-2109043685
-2111888382
-2115609114
-2114786789
-2119126201
-2118652077
-2121099285
-2123760149
-2127068663
-2129196223
-2128634077
-2130104186
-2132585499
-2131644135
-2133874622
-2136712563
-2138760092
-2139722558
-2141358044
-2142646388
-2143870923
-2147212011
-2149663699
-2148988691
-2152832848
-2154799680
-2155695778
-2155073745
-2157946156
-2159101233
-2158991304
-2161245822
-2163719782
-2167695670
-2168413264
-2168205269
-2169195265
-2170942893
-2173688866
-2174569512
-2178416257
-2176478115
-2180393628
-2179971268
-2182160901
-2185023217
-2185908510
-2190013804
-2188203964
-2190903109
-2191046542
-2192062505
-2194707198
-2195563481
-2199501850
-2197816623
-2201288561
-2201688889
-2205731842
-2204542781
-2208240931
-2209007061
-2212247254
-2211942607
-2215121465
-2215869793
-2217879759
-2218874011
-2220772503
-2222015898
-2226563912
-2226256101
-2228022726
-2228920753
-2231856101
-2231276330
-2232654257
-2237216853
-2240568876
-2241797574
-2240714125
-2243307225
-2243239713
-2246002187
-2246130415
-2248346601
-2250451201
-2252693502
-2253592409
-2256896002
-2255235335
-2257366409
-2260787435
-2261073730
-2265417690
-2267151259
-2265088695
-2268793781
-2268466649
-2272682311
-2271955121
-2275655680
-2277418562
-2277600701
-2277845417
-2279324372
-2282080969
-2285478355
-2284293672
-2284957454
-2289157882
-2289171688
-2291793809
-2294229835
-2293528903
-2297105664
-2296406019
-2297297381
-2298802747
-2301056520
-2305879282
-2307492739
-2307397016
-2309039331
-2309938956
-2313615137
-2314378547
-2313551770
-2317462754
-2316919660
-2319883640
-2322997855
-2323974027
-2326209563
-2329074787
-2328913517
-2333437874
-2333111998
-2336555717
-2334381275
-2335970746
-2337498744
-2341940799
-2340971921
-2342124616
-2346458814
-2346344818
-2349195336
-2348622539
-2350221905
-2351843038
-2355323534
-2354696873
-2357323544
-2358210552
-2360690314
-2363090074
-2361841672
-2366385540
-2368636707
-2369680410
-2372278538
-2373057031
-2374760591
-2374700924
-2378162501
-2379155163
-2382012310
-2381909084
-2382071237
-2385404247
-2385822419
-2388680657
-2390506372
-2392000744
-2393243713
-2391690609
-2393665993
-2397482858
-2397422700
-2398791630
-2401759462
-2402552267
-2403544894
-2406173836
-2407315156
-2409171456
-2410005500
-2414974915
-2414751930
-2416251942
-2418034631
-2419981473
-2420357466
-2423222704
-2423534083
-2426537123
-2428988186
-2429283858
-2431110263
-2431632263
-2437453098
-2437715434
-2436510415
-2441561020
-2442101201
-2442108813
-2442735913
-2444235825
-2447800493
-2449569435
-2449248358
-2452690884
-2453233132
-2455432054
-2457331362
-2459776147
-2462303047
-2462926215
-2464562158
-2464491103
-2467719435
-2470419103
-2470793302
-2473762777
-2470939467
-2473541267
-2477743801
-2478293288
-2480288352
-2481648874
-2481683001
-2485156739
-2485417069
-2488009673
-2488199368
-2490283982
-2492507048
-2495242723
-2496110232
-2497733686
-2499115106
-2498174120
-2500764319
-2505040995
-2502790039
-2507624173
-2507643387
-2507661120
-2512848976
-2511418648
-2516092920
-2513515740
-2516247774
-2519475137
-2521708608
-2523087083
-2521901187
-2526201257
-2529706616
-2532138812
-2532459508
-2531880452
-2534384433
-2536750212
-2536265766
-2540209550
-2539493092
-2543811354
-2544465745
-2543478228
-2545977328
-2548817444
-2549741079
-2552804300
-2551598799
-2557001355
-2555204527
-2558434263
-2557958412
-2561083463
-2563206297
-2565760403
-2566310231
-2568397357
-2569916449
-2569062127
-2572382955
-2575129810
-2576510070
-2579626892
-2580486970
-2580428300
-2581926773
-2585137772
-2586124130
-2586061999
-2587811576
-2590404542
-2592491786
-2593379865
-2594253552
-2596738958
-2595789211
-2599503644
-2601233892
-2601170292
-2604352439
-2605520030
-2605530553
-2608736981
-2609795613
-2613617938
-2612163025
-2614980023
-2614738323
-2617003264
-2619357537
-2621391731
-2624585707
-2624865011
-2625508386
-2630209314
-2632657744
-2633793974
-2635071252
-2634845906
-2636879857
-2639972689
-2641074090
-2641601022
-2642451521
-2644698520
-2645966706
-2648066981
-2650805342
-2649609862
-2651329044
-2654794905
-2656938225
-2656918104
-2658311572
-2661421594
-2661566861
-2662445450
-2665183566
-2665571465
-2667701484
-2670178436
-2673666919
-2674907791
-2675166011
-2675932068
-2677288691
-2679831385
-2680810150
-2683648294
-2685760646
-2685406027
-2688262572
-2687799144
-2692222075
-2691140180
-2694598081
-2694875453
-2695523416
-2698146928
-2700493769
-2701539412
-2704868182
-2704636884
-2706500757
-2708007473
-2711825261
-2711348220
-2712642891
-2715715293
-2714387954
-2718726604
-2718271889
-2721089062
-2721494362
-2722009792
-2725594766
-2727681574
-2731709531
-2731229313
-2731842947
-2733597349
-2736217469
-2737205685
-2737975350
-2741811918
-2743667632
-2745634737
-2744688855
-2746103132
-2749546906
-2749606404
-2750960285
-2754313687
-2754957394
-2756575657
-2761008084
-2762123862
-2763135109
-2764860359
-2766135112
-2768155767
-2766705378
-2768952587
-2772984991
-2773396170
-2774074215
-2777256785
-2777147349
-2779870889
-2780028147
-2783836801
-2784515913
-2784501968
-2786268073
-2788866206
-2792105897
-2791881087
-2793867285
-2795946577
-2796991477
-2800594241
-2798652595
-2801736090
-2801749241
-2804351646
-2804774529
-2807521957
-2808389180
-2809881644
-2812218219
-2815817650
-2816943551
-2818307849
-2817632928
-2817869130
-2819491478
-2823444502
-2826581213
-2825361346
-2828720202
-2832804909
-2833345012
-2836441380
-2835341329
-2837460750
-2838487721
-2839241306
-2842785424
-2844531739
-2845790259
-2846210634
-2847243332
-2848336742
-2850716939
-2853392317
-2855140704
-2854563044
-2858430544
-2859662800
-2859180675
-2861204839
-2863344570
-2864200740
-2867650748
-2871260321
-2871994055
-2872610110
-2875485864
-2874768580
-2877492446
-2877137402
-2879151038
-2880925151
-2883593893
-2883166607
-2887274301
-2888038717
-2890622157
-2891487569
-2894976760
-2895946230
-2894639306
-2897837883
-2897544315
-2901363124
-2903108270
-2902274444
-2907222261
-2907498000
-2906514020
-2909719961
-2910634479
-2912846483
-2914967730
-2914870376
-2918583939
-2920826842
-2922182234
-2922204149
-2923600112
-2924998444
-2928216720
-2927867686
-2931341518
-2934700942
-2933622531
-2935356416
-2938470088
-2941411946
-2939598612
-2941709527
-2945913514
-2945785086
-2948038122
-2951258647
-2951556262
-2953856360
-2955239443
-2956373286
-2958485171
-2957187035
-2960267491
-2962034946
-2964539224
-2963939277
-2965590705
-2969402848
-2969173193
-2972256535
-2973782502
-2975894751
-2976393831
-2976671523
-2977782993
-2980540927
-2983012231
-2982804582
-2984525352
-2986162903
-2987660409
-2990880158
-2992592386
-2992785951
-2995597185
-2995778316
-2999086951
-2999040452
-3841787
-4024426
-5515765
-8589153
-8748931
-9365006
-11206617
-12578335
-15328110
-15874283
-20679282
-20098771
-22825094
-23088915
-23887824
-28063701
-27342965
-31064460
-31556917
-33034900
-34203938
-36660560
-37194156
-39395084
-38584978
-41217489
-42711360
-44845599
-48642601
-49538109
-51259173
-52758780
-52334476
-56132773
-57764038
-59228194
-60635903
-61402003
-60800792
-65473509
-67497584
-67180727
-68048200
-71727730
-70542813
-71801460
-74303443
-76371591
-77522104
-79754987
-81767042
-83387396
-83040564
-88584320
-86795244
-90251379
-89515199
-91671245
-94356485
-93885276
-97585812
-98706249
-100082905
-101499403
-101632610
-105340329
-107320078
-107591068
-110138235
-112602607
-114469657
-113389750
-116720213
-116239534
-121915280
-122417264
-122246154
-124078762
-125844259
-128190787
-127236706
-129710442
-133309285
-134660312
-136775154
-137296132
-137804900
-138957525
-142025953
-143427888
-145295479
-145065426
-146446447
-149316075
-151672447
-151211607
-152826639
-154702396
-156205556
-160388357
-161495452
-162635519
-163994105
-166000408
-168802215
-169008741
-170418360
-172504856
-172118204
-175476779
-175616677
-178891952
-179144857
-179668453
-182613592
-184845518
-184497533
-187456168
-188011313
-189241230
-191250949
-193610445
-193888460
-195778366
-198610116
-200324801
-199892884
-203434171
-204355660
-208187126
-208549270
-209951460
-210503786
-211131197
-212989268
-216157001
-217293811
-216477825
-220783722
-222632038
-222804581
-226406777
-228065192
-227218828
-229408670
-230960527
-235035429
-234338897
-238646526
-238640345
-240631028
-239406829
-243123773
-243518567
-246875085
-246053965
-250391915
-251642929
-252145696
-251422815
-255508394
-254553989
-259234550
-260022742
-259663987
-263854794
-264485814
-264892998
-266927649
-267666293
-270980007
-271381299
-271912568
-274163481
-275794824
-279000787
-277770728
-280488380
-281143855
-284006315
-286518898
-288827774
-291105746
-292205401
-291240414
-294575592
-294517365
-297866895
-300076150
-301243837
-301487256
-302236433
-305203696
-308902740
-309667897
-309579127
-313006818
-314043994
-313116650
-315358487
-317594543
-320443983
-322436297
-322940114
-323477213
-325288633
-326091116
-330047836
-329849641
-331227715
-335419042
-334700437
-335852483
-339668862
-340202766
-341942636
-342691655
-345755817
-346049344
-349754964
-349058220
-352758306
-353643049
-355156977
-357743551
-358244861
-358505579
-360419582
-361675420
-365868835
-365389898
-365543366
-370362385
-371962328
-372237552
-373109004
-375639497
-378359766
-378000743
-379865603
-382079796
-381408739
-384105633
-384623330
-386624555
-389339238
-390138202
-391009795
-394934618
-394154110
-397114972
-397276628
-399997788
-401376269
-401747429
-406069004
-405459496
-406838634
-409314312
-412916153
-413683355
-411732639
-413591815
-419258317
-417610586
-421429513
-422552946
-422364172
-424849502
-426189109
-428405918
-429782949
-429807953
-433633782
-434284479
-436539424
-438260457
-438934248
-442388008
-441790797
-445745176
-443809988
-448145046
-448185045
-449800217
-453231125
-453878829
-456752252
-456165044
-457189652
-460003450
-459894504
-463497645
-466221344
-466739681
-467632256
-467801304
-468779068
-473748778
-474127023
-473779219
-477128138
-479701696
-478397840
-480240664
-483233242
-484636158
-486227423
-488096894
-490697018
-492713125
-494695939
-494850954
-497703877
-498439801
-500803271
-500813027
-502820994
-504582215
-505660796
-504472956
-506857174
-508729778
-510371156
-514803807
-514070606
-515083704
-515826777
-518457692
-520105765
-521460798
-525008301
-526391050
-527764527
-529294490
-530652812
-531024192
-534018589
-534297225
-536528931
-536054633
-540631918
-540075539
-542922918
-544286758
-548509638
-549135708
-547917129
-550174988
-551166586
-553038291
-554396000
-557731728
-557888687
-560756769
-560151145
-563046346
-564523795
-569463134
-567278171
-568772319
-570135964
-571995077
-576191777
-575389989
-576655431
-579956770
-582120502
-584108717
-584609144
-584256004
-587954929
-590410281
-588612861
-593067925
-595819079
-594849065
-597481466
-599950547
-600814600
-601736609
-603084692
-605295569
-605471254
-608099665
-608719225
-612749096
-612299436
-613978827
-615339238
-616840808
-616702389
-618328242
-620721190
-624645659
-626905368
-625075868
-627317841
-629068725
-630433760
-633180722
-634071141
-638384315
-637669368
-641028064
-640648062
-643784099
-645135930
-647123389
-645783277
-649500013
-651119907
-654983128
-656475956
-658120491
-657159424
-659988920
-659161439
-661005504
-662759437
-667606824
-666777879
-667525422
-671834246
-672330582
-673606459
-673600995
-676576609
-677646403
-680091764
-682952462
-683353305
-684820729
-688187922
-686000057
-688493620
-689637169
-691383794
-693947463
-693964832
-698281613
-697848817
-700063176
-699726036
-704061542
-702969103
-707440170
-709268484
-710545033
-712884195
-711944589
-715662013
-715091365
-716929702
-717952462
-721310090
-724267838
-722819212
-724899160
-727513332
-729651933
-731012728
-731026963
-734120115
-733055831
-736748357
-739011643
-739875964
-739804377
-743244360
-743441033
-743923596
-746911132
-747926284
-749775444
-753613022
-754118170
-755509320
-758550764
-760456370
-759398507
-760783820
-761389962
-765098376
-766617870
-767278574
-768271477
-772070765
-771137890
-775315340
-775593028
-778184233
-780188938
-781697183
-782844272
-785217070
-784628189
-788560765
-789185877
-791200510
-790114387
-792256212
-794246280
-797174147
-799188436
-802153278
-800970697
-801473106
-803377176
-805246570
-808145604
-809655155
-811159812
-811077554
-814888740
-816879557
-815833853
-820255526
-819688040
-822153143
-825132673
-826173933
-826212699
-828794215
-830264122
-833082467
-831684280
-835136232
-837024851
-836933876
-838049135
-842517770
-844227823
-844137430
-845858978
-847266919
-848154782
-850486701
-850779971
-855843920
-856125149
-858254926
-857409995
-859969273
-861959874
-864953250
-864366915
-868326801
-867737538
-869981746
-870995413
-871644630
-873125782
-876818053
-876118677
-879923656
-880922164
-882077882
-885279628
-884990140
-888908974
-889555896
-889355683
-892294585
-894794487
-897173433
-895863778
-897952646
-898478005
-903373428
-905388605
-903831749
-905308399
-905951766
-908800081
-912154370
-911461498
-913835702
-914462505
-917887482
-917581154
-921367579
-921083487
-922185057
-926347060
-926673898
-927290367
-929713763
-932181135
-933659138
-934067412
-935998689
-938596876
-940725740
-942477628
-943342603
-945481600
-945544876
-949218837
-948362423
-951601198
-952854563
-953491190
-955853400
-958081864
-960066410
-960723599
-959898073
-964610203
-965633156
-967248476
-969130506
-970869265
-970781594
-974450796
-973515265
-976822792
-977835893
-981675349
-980835213
-982356415
-984465164
-986220108
-986371454
-989928876
-990439786
-992048041
-992356602
-996926365
-995713151
-1001020238
-999229710
-1000351534
-1002972978
-1004338841
-1006922564
-1006847626
-1009944798
-1013141747
-1013905237
-1015260690
-1014663460
-1015567690
-1017415168
-1019068615
-1023372294
-1026016650
-1025813150
-1025818904
-1029641933
-1029429039
-1030577516
-1033776587
-1034896432
-1035881549
-1037892285
-1039668563
-1040562685
-1044177374
-1047351461
-1047167001
-1049873660
-1049012343
-1051861761
-1053540647
-1054252274
-1056126643
-1057880115
-1062084395
-1062623327
-1064229363
-1064266037
-1066837724
-1069567370
-1071940712
-1071101296
-1071496680
-1073623673
-1075121816
-1079078151
-1079925263
-1079836273
-1082051017
-1082858021
-1085554238
-1087236278
-1088477494
-1092141923
-1093417520
-1092841193
-1096887614
-1096185889
-1099397616
-1098846857
-1101665707
-1104769835
-1107298888
-1107064303
-1107347110
-1111145795
-1111423601
-1111200141
-1113786211
-1117516433
-1115301658
-1118420995
-1119828911
-1121696097
-1123412520
-1123784437
-1125926825
-1128773331
-1130296358
-1131034909
-1135100310
-1133166797
-1136395729
-1139849574
-1140961986
-1141275951
-1143863195
-1147718419
-1147758077
-1149236047
-1151486434
-1153746763
-1153273611
-1155479548
-1157979448
-1157641009
-1161201993
-1161390868
-1161371700
-1163119292
-1165502306
-1167599412
-1169860823
-1171829155
-1173477444
-1173249482
-1177935358
-1179174910
-1180415468
-1179106115
-1181732729
-1184595846
-1185846985
-1186742146
-1189688104
-1189819351
-1190464684
-1192833583
-1196660362
-1196795368
-1198404000
-1199601064
-1203544040
-1202978348
-1203443249
-1205196628
-1208158559
-1211635339
-1212890806
-1213127663
-1213550412
-1216283678
-1218557813
-1218202736
-1221877900
-1223865766
-1223196627
-1224550072
-1230366544
-1229508737
-1229757018
-1232868415
-1232928966
-1237094521
-1239717708
-1240616476
-1240539201
-1243336006
-1244862166
-1243662321
-1246509323
-1248854286
-1251998507
-1253471952
-1252756333
-1254629438
-1256713730
-1258377735
-1260957353
-1262856060
-1264331759
-1265007252
-1266254815
-1268102326
-1268995152
-1270754821
-1274949667
-1275578212
-1277451418
-1279678680
-1277850342
-1279482705
-1284678866
-1286062077
-1284730428
-1286682681
-1287419578
-1292285312
-1294425148
-1293856920
-1296911263
-1297953487
-1301771779
-1301298360
-1302272346
-1305395040
-1305404071
-1307161873
-1308553145
-1309319638
-1312630464
-1314656812
-1314435240
-1315188239
-1317534554
-1318698754
-1320557442
-1324865012
-1323923537
-1326992343
-1325531898
-1329971741
-1329152633
-1331742560
-1332904114
-1334919451
-1339050789
-1337419934
-1341121633
-1341522970
-1341530495
-1346220867
-1348604047
-1349821927
-1350728333
-1352123664
-1356422634
-1355620133
-1356959096
-1359440727
-1362454147
-1362852619
-1364464723
-1364636504
-1366110916
-1367639071
-1371820136
-1373334014
-1372596436
-1374691206
-1378626553
-1379544440
-1380948305
-1381472045
-1384800464
-1383600614
-1385949638
-1386552895
-1388787831
-1391543613
-1390956691
-1392961253
-1394447967
-1395949725
-1398791019
-1402243610
-1402088349
-1404513511
-1406508184
-1409874049
-1409281887
-1408798776
-1412408814
-1413923698
-1413796687
-1418877272
-1418723236
-1420748901
-1419924967
-1422791201
-1424883597
-1426855399
-1428099106
-1428164519
-1432248943
-1433970158
-1433030075
-1435263519
-1437759878
-1439175171
-1439614239
-1443349402
-1446002252
-1444666065
-1448314953
-1450210203
-1450492460
-1453135432
-1456452334
-1457443196
-1456867203
-1458385278
-1462303204
-1461516281
-1463623568
-1463738701
-1468043754
-1468445574
-1471417314
-1473541163
-1473834408
-1475567775
-1475939697
-1477941431
-1482397028
-1482209963
-1485413913
-1486065116
-1485224892
-1487330777
-1488457080
-1491282360
-1494767267
-1497141867
-1497030927
-1497912357
-1499135153
-1500557306
-1504357155
-1505849919
-1504306756
-1506909851
-1507675856
-1510077711
-1511795285
-1513875033
-1514960063
-1518398158
-1519179691
-1520517022
-1520540752
-1521390471
-1523624698
-1525907249
-1528040395
-1529143050
-1531399705
-1531872359
-1533155421
-1535779358
-1536523272
-1539744571
-1541478657
